#InputSize    AverageTime    HowManyBitsInputSizeIs
           4          1597.81 
           5          1555.20 
           6          1365.92 
           7          1872.50 
           8          2127.02 
           9          2376.78 
          10          2581.70 
          11          2937.96 
          12          3564.90 
          13          2951.59 
          14          3220.65 
          15          4622.94 
          16          5053.25 
          17         42841.50 
          18         16220.02 
          19         13479.24 
          20         13091.43 
          21         12890.37 
          22         21518.10 
          23         20802.04 
          24         24536.42 
          25         29942.76 
          26         33600.57 
          27         42648.60 
          28         36152.96 
          29         11436.94 
          30          9990.15 
