#InputSize    AverageTime    HowManyBitsInputSizeIs
           4           907.51 
           5          1199.85 
           6          2331.09 
           7          1438.93 
           8          2081.08 
           9          1828.40 
          10          2093.48 
          11          2023.87 
          12          2411.51 
          13          2911.04 
          14          3544.97 
          15          3416.78 
          16          6022.36 
          17          4585.82 
          18          5125.47 
          19          4695.10 
          20          6407.06 
          21          4966.20 
          22          5657.01 
          23          7434.35 
          24          7377.04 
          25          8236.80 
          26          8096.54 
          27         10222.34 
          28          8696.52 
          29         11842.37 
          30          9449.56 
