#InputSize    AverageTime    HowManyBitsInputSizeIs
           4         21860.73 
           5         16961.90 
           6          5956.59 
           7          3842.22 
           8          7181.93 
           9          8758.73 
          10          5979.09 
          11          5912.67 
          12          6286.56 
          13          6850.47 
          14          7881.92 
          15         10312.81 
          16         13926.53 
          17         13687.19 
          18         27789.79 
          19         19957.58 
          20          6192.65 
          21          6067.25 
          22          6411.38 
          23          9699.44 
          24          8378.90 
          25         11174.17 
          26          9068.27 
          27          8897.73 
          28          9845.60 
          29         13099.39 
          30         13781.34 
