#InputSize    AverageTime    HowManyBitsInputSizeIs
           4          5062.34 
           5          6744.84 
           6         14365.22 
           7         30279.55 
           8         69994.22 
           9        226576.07 
          10        567127.32 
          11       1805875.52 
          12       3394276.25 
          13       8711133.40 
          14      24412889.59 
          15      63370880.01 
          16     183397510.15 
          17     448033121.60 
          18    1029891975.03 
          19    2787495838.70 
          20    7199611088.99 
