#InputSize    AverageTime    HowManyBitsInputSizeIs
           4          3643.04 
           5          7023.09 
           6         10512.39 
           7         32189.77 
           8         89563.97 
           9        212681.84 
          10        604717.51 
          11       1460644.05 
          12       3195901.99 
          13       9282186.62 
          14      23543429.38 
          15      62497816.92 
          16     176674243.56 
          17     446133338.75 
          18    1187161170.48 
          19    2846428224.86 
          20    6785381567.14 
