#InputSize    AverageTime    HowManyBitsInputSizeIs
           4         38339.52 
           5         21572.09 
           6         39110.62 
           7         45537.61 
           8        109219.78 
           9        188498.27 
          10        653655.97 
          11       1545274.41 
          12       4139196.73 
          13      11510750.51 
          14      27457938.55 
          15      67068804.40 
          16     178718777.16 
          17     459744105.09 
          18    1180208147.60 
          19    2764511102.71 
          20    6899450851.87 
